0,8140,80,5645,9807,16765,16429,6338,9825,7773,19801
0,6868,14294,4895,10287,19801
0,678,16432,11279,7808,18287,3568,18578,17644,11357,452,3455,12499,19801
0,12293,11305,9670,19801
0,15783,17135,235,13760,5158,19801
0,3043,6047,10952,5883,3165,18308,4772,9998,9880,6308,2363,19801
0,9874,13377,2252,10270,19712,5340,17539,11326,19801
0,17033,13298,1045,700,11110,14420,17273,6058,4675,16667,19801
0,10178,10713,18781,1297,12107,12219,3808,19801
0,758,8133,7541,12565,13459,8720,7448,5954,19801
0,17444,1308,2123,17504,3416,13908,16032,2277,16216,10208,5522,5137,19801
0,1333,10942,9377,2663,11105,19801
0,14965,17184,13263,2914,12295,12720,16108,16254,2799,19801
0,15854,13647,14682,13084,16900,3575,5971,15319,17685,5835,19801
0,18640,456,3707,7961,91,13966,9136,19801
0,18893,17156,10902,5928,5001,2812,19801
0,9728,16864,11628,2840,11338,2786,19801
0,1821,6369,16659,11487,12098,2388,11103,17783,17596,9305,14603,13131,17232,4985,19801
0,2359,1525,8029,18268,19801
0,6007,4341,3240,9351,9811,12462,19801
0,4940,18746,13814,10645,5591,12719,7422,19801
0,15161,2691,8811,295,3490,19801
0,18620,1225,3635,17241,9975,18842,12956,1349,4182,16454,1098,16729,2268,19801
0,122,8161,14394,9527,9941,15536,19288,13822,18270,17027,12453,19801
0,15867,10743,7565,5156,13294,19801
0,18425,15387,19801
0,4240,3127,7768,3342,1353,9627,13976,16453,19744,13349,18759,19801
0,18250,19511,15935,1665,4856,1317,19801
0,8943,2507,11386,588,8721,9220,542,1723,9109,8454,16842,3997,19801
0,12647,831,437,10918,4239,3420,7101,12764,19801
0,6458,2988,11877,104,19801
0,12363,1700,18310,4652,4588,16805,2878,4039,5530,16476,19801
0,18966,19330,16651,13359,14100,8,12283,19801
0,19435,13066,5241,4064,347,16378,5306,15910,2696,17798,8273,19801
0,9930,4413,15147,3075,8469,18774,19801
0,16173,9675,16952,14494,5888,16131,6642,6225,10189,19801
0,6407,19335,8225,15030,15067,9509,16511,12951,3988,19801
0,12471,4346,14502,10487,8447,18567,19801
0,3973,5640,1746,1218,701,19801
0,13252,1335,14097,14635,16985,2366,3112,2012,3170,6353,3794,19801
0,12122,6854,56,2251,9563,19801
0,11168,10439,19370,7185,16264,12478,19801
0,5808,10809,1793,3470,11655,5993,9614,19801
0,5259,7292,3424,15118,11378,19801
0,7267,12058,17899,14473,8021,19801
0,18247,4749,15911,19801
0,12193,11791,6714,7834,4575,8482,1490,3252,7766,19801
0,12533,10834,10981,2506,5617,3178,970,16728,19801
0,18004,19633,11521,13366,3966,1120,7825,2169,19801
0,12110,10353,8011,15520,3162,7366,19801
0,2195,14671,10841,2861,13756,2086,18388,10440,10511,11893,17503,19801
0,315,19182,376,5441,6077,13001,6824,6706,13662,19801
0,15532,269,207,8457,9313,18260,4989,9026,19801
0,502,14486,8773,2615,19801
0,14362,18936,19386,14493,16524,18170,15572,19801
0,10499,14326,5289,10946,1321,3739,8849,11884,1099,15811,8276,16211,10392,13053,12443,1890,19801
0,14646,13578,826,2009,19801
0,889,16953,4789,7471,8005,15754,19801
0,9462,11395,5969,8273,10842,19801
0,9342,11818,17351,2637,11130,19725,15202,2047,257,19801
0,17757,2539,15057,8848,5615,19801
0,538,12048,2273,9270,6445,13542,15313,19801
0,18063,7478,9269,11028,5641,9401,19801
0,13608,19180,10903,16048,6436,281,19801
0,15092,6622,12109,13171,15327,19801
0,11344,654,2582,18426,11815,7650,13156,15691,19161,10192,19801
0,17921,5392,2359,17204,19801
0,14665,13023,14917,18935,4624,11170,17633,19801
0,3732,19040,225,19801
0,10896,3058,5427,18798,2074,18649,10683,17945,18123,19801
0,15305,17636,7627,7138,14572,15120,8493,5034,6115,6527,7628,4150,4307,19801
0,10673,7758,7833,9427,15540,19801
0,14915,13956,714,6043,5405,12344,2272,19080,17092,12220,16820,9414,13254,19309,19801
0,14522,12246,3277,2248,1975,2311,10147,11301,19801
0,6705,964,6924,13630,17296,18654,6298,11087,19801
0,10399,16721,1728,17531,13538,4754,19794,718,14183,19801
0,8691,17776,211,18770,3234,14377,711,19801
0,7666,14476,4799,17956,8585,7158,19801
0,10330,2745,12151,17044,6570,14428,8454,19801
0,12128,14940,7977,19188,4362,13586,14161,19801
0,1949,10894,12541,6441,11111,7529,2868,667,2306,1960,8379,19801
0,12945,6585,7645,16647,7215,9495,18094,10416,12056,14002,10824,7169,19801
0,8078,12167,13440,1931,19801
0,5648,4162,12631,18372,1096,16396,19801
0,15150,3032,15495,13006,1416,4401,19801
0,5665,13951,8864,11516,19801
0,14250,2300,9250,475,15923,14439,7086,504,8516,16092,19801
0,13554,4723,6199,8181,7304,825,941,3627,9970,19801
0,16178,13316,15378,19726,16823,19801
0,17772,4607,14073,1151,12827,13943,19144,6983,5984,10367,11204,5820,19801
0,16448,13599,13655,18178,15168,11050,19285,8002,708,14904,19801
0,4166,8630,19730,19018,19078,13402,17723,608,19801
0,8409,16464,1917,18890,17719,12831,5456,5588,19801
0,27,10141,3395,354,1382,14771,9165,10561,4390,19801
0,1973,6392,314,9400,19801
0,4704,15706,11442,16445,5419,19801
0,10236,459,4922,4553,19801
0,7898,10689,14692,5226,2894,9037,16261,16713,13058,18376,19801
0,15385,12340,11137,3686,4283,7303,19801
0,1044,2358,3717,17561,6019,2562,8563,4892,3921,19801
0,6073,3463,15327,8185,12454,16741,19801
0,18277,7996,19381,1955,806,14365,19801
0,14577,11687,13144,9343,17957,12053,7350,14299,5085,12441,4551,8688,5785,19801
0,18686,1654,4914,3960,19801
0,16980,17726,12901,12521,3623,18709,15236,15641,15544,14707,19401,19801
0,6056,2969,14767,13748,5793,8080,2068,16765,8729,16619,13618,3671,7683,16688,6215,19801
0,17580,13146,11925,14998,15033,11584,1722,19740,6774,19801
0,7475,7181,15289,11075,6772,68,5629,17715,19801
0,18871,18048,10462,11284,19801
0,16685,577,12211,6488,5743,8074,7821,5303,19801
0,920,8401,15167,16038,483,9194,18635,7146,15725,8012,17228,1675,12073,8457,9784,16288,10562,19801
0,7849,19147,13067,8040,9249,11192,11135,5417,19801
0,12896,4128,14906,12102,7408,19266,2354,10587,19801
0,15423,14891,9297,12009,15858,6531,15631,16484,13315,761,19503,19801
0,9869,6229,14466,18967,7352,19801
0,13874,9635,796,10173,8720,3259,19331,19801
0,16414,3003,19110,5307,867,13576,19801
0,8918,556,7049,5274,4114,5781,19801
0,2875,12451,6311,18481,18962,9247,19801
0,4990,3602,8974,1942,350,19801
0,14835,6446,19214,19801
0,9853,8394,4417,13645,15283,3752,8640,11307,474,8663,15512,19801
0,2113,1770,8934,11570,9383,4136,15560,8126,19801
0,18239,11592,14122,19801
0,11813,9054,13218,11677,8439,340,19801
0,4137,13287,18404,17025,14346,10430,5711,7725,19801
0,8103,2167,13153,4038,10602,3949,13417,4070,19801
0,2477,4022,5407,7752,14333,1946,13528,9266,10521,1253,583,6399,10745,19801
0,244,10514,10982,4610,15350,5367,19801
0,1012,13302,10415,7399,19801
0,14858,19770,12364,12865,16885,10726,19801
0,18873,10541,2194,9643,18881,13193,6956,6660,9694,19801
0,15534,12931,6060,2538,19801
0,11453,1359,10462,1009,13229,19801
0,4580,16450,206,2124,2726,173,10015,7523,4339,1977,19801
0,108,5074,18592,19637,19254,18882,9867,8365,13365,2526,19801
0,2469,10732,5834,1315,14721,8738,9704,8546,560,19801
0,8725,17293,14058,16491,6923,17501,15438,12257,4974,2587,7061,19801
0,7142,10416,12514,15599,6793,14978,4528,9005,3288,14285,5732,19801
0,1052,19213,1025,18158,5656,12783,8845,17147,1638,2690,620,1663,1869,2778,10569,5663,9990,5575,19801
0,16339,3869,19719,13659,8761,6823,5919,19801
0,1383,7582,4854,6234,3898,1992,13373,19801
0,6385,15970,4786,18201,1884,1178,7597,19801
0,10261,3207,6617,12376,5069,4373,19801
0,6284,1988,1644,4912,10580,1571,963,19801
0,12394,11607,5140,3415,19801
0,6098,2677,11059,14833,986,7459,16384,1140,3574,16366,17259,18762,19801
0,7035,12642,14373,7307,9341,10584,19801
0,17485,16726,3137,4038,16594,568,17598,6679,19169,8736,19801
0,18906,5487,6141,3,5972,13136,6889,3885,9100,14569,8211,5835,2447,19801
0,19532,12978,578,12408,13601,19801
0,3604,9284,6244,6371,6360,19801
0,8683,13280,11862,3016,902,19801
0,15937,4386,209,11722,14693,13614,16582,18634,19801
0,7276,18897,11745,4826,13625,10790,16802,15657,169,15876,1158,17894,19801
0,18879,2623,4096,15232,12013,14500,19801
0,16391,9388,13457,16050,17290,3405,9467,19801
0,12822,12838,17131,17155,19183,4780,14859,1698,15568,19801
0,4905,4913,19801
0,584,9777,12132,14952,19801
0,6872,226,3380,13051,369,12666,7500,16835,690,19801
0,7211,7611,11457,15395,16424,3001,6452,3926,5482,8020,12965,19801
0,14760,2063,13400,18679,6395,5991,12343,19801
0,7817,18975,8847,19605,19801
0,8893,14166,5032,3749,8408,6354,2008,9954,19801
0,14597,11860,6669,19801
0,13599,13426,17139,6960,2824,5657,19786,6615,19233,6862,984,13712,8541,19081,19801
0,17291,9638,18925,14139,3195,19177,7856,19801
0,12215,18078,8328,2453,18049,19801
0,13741,5310,10190,10074,15502,17489,19683,6370,19801
0,12737,17161,656,4827,1435,7641,11924,8180,19801
0,16673,8594,13443,15519,7093,13446,10276,8455,16508,11598,18472,14824,12696,9267,14777,11341,19801
0,233,6467,19801
0,7775,14244,7933,16091,2958,6646,19801
0,6526,2918,11006,7857,243,10618,17735,9076,5785,17847,17276,4919,19801
0,6771,4206,4488,2411,15384,15078,18750,11138,19801
